nodes=[
   0.0000000e+00   1.0000000e+00  ;
   0.0000000e+00   0.0000000e+00  ;
   2.0000000e+00   5.0000000e+00  ;
   0.0000000e+00   5.0000000e+00  ;
   4.0000000e+00   0.0000000e+00  ;
   6.0000000e+00   0.0000000e+00  ;
   6.0000000e+00   5.0000000e+00  ;
   4.0000000e+00   5.0000000e+00  ;
   6.0000000e+00   1.0000000e+00  ;
   2.0000000e+00   0.0000000e+00  ;
   2.0000000e+00   1.0000000e+00  ;
   4.0000000e+00   1.0000000e+00  ;
   0.0000000e+00   6.8762000e-01  ;
   0.0000000e+00   3.7523000e-01  ;
   1.6248000e+00   5.0000000e+00  ;
   1.2495000e+00   5.0000000e+00  ;
   7.5047000e-01   5.0000000e+00  ;
   3.7523000e-01   5.0000000e+00  ;
   4.3752000e+00   0.0000000e+00  ;
   4.7505000e+00   0.0000000e+00  ;
   5.2495000e+00   0.0000000e+00  ;
   5.6248000e+00   0.0000000e+00  ;
   5.6248000e+00   5.0000000e+00  ;
   5.2495000e+00   5.0000000e+00  ;
   4.7505000e+00   5.0000000e+00  ;
   4.3752000e+00   5.0000000e+00  ;
   6.0000000e+00   3.1238000e-01  ;
   6.0000000e+00   6.2477000e-01  ;
   3.7523000e-01   0.0000000e+00  ;
   7.5047000e-01   0.0000000e+00  ;
   1.2495000e+00   0.0000000e+00  ;
   1.6248000e+00   0.0000000e+00  ;
   0.0000000e+00   1.3752000e+00  ;
   0.0000000e+00   1.7505000e+00  ;
   0.0000000e+00   2.1474000e+00  ;
   0.0000000e+00   2.6526000e+00  ;
   0.0000000e+00   3.0526000e+00  ;
   0.0000000e+00   3.4526000e+00  ;
   0.0000000e+00   3.8526000e+00  ;
   0.0000000e+00   4.2495000e+00  ;
   0.0000000e+00   4.6248000e+00  ;
   2.0000000e+00   4.6248000e+00  ;
   2.0000000e+00   4.2495000e+00  ;
   2.0000000e+00   3.8526000e+00  ;
   2.0000000e+00   3.3474000e+00  ;
   2.0000000e+00   2.9474000e+00  ;
   2.0000000e+00   2.5474000e+00  ;
   2.0000000e+00   2.1474000e+00  ;
   2.0000000e+00   1.7505000e+00  ;
   2.0000000e+00   1.3752000e+00  ;
   6.0000000e+00   4.6248000e+00  ;
   6.0000000e+00   4.2495000e+00  ;
   6.0000000e+00   3.8526000e+00  ;
   6.0000000e+00   3.3474000e+00  ;
   6.0000000e+00   2.9474000e+00  ;
   6.0000000e+00   2.5474000e+00  ;
   6.0000000e+00   2.1474000e+00  ;
   6.0000000e+00   1.7505000e+00  ;
   6.0000000e+00   1.3752000e+00  ;
   4.0000000e+00   4.6248000e+00  ;
   4.0000000e+00   4.2495000e+00  ;
   4.0000000e+00   3.8526000e+00  ;
   4.0000000e+00   3.3474000e+00  ;
   4.0000000e+00   2.9474000e+00  ;
   4.0000000e+00   2.5474000e+00  ;
   4.0000000e+00   2.1474000e+00  ;
   4.0000000e+00   1.7505000e+00  ;
   4.0000000e+00   1.3752000e+00  ;
   2.3752000e+00   0.0000000e+00  ;
   2.7505000e+00   0.0000000e+00  ;
   3.2495000e+00   0.0000000e+00  ;
   3.6248000e+00   0.0000000e+00  ;
   2.3752000e+00   1.0000000e+00  ;
   2.7505000e+00   1.0000000e+00  ;
   3.2495000e+00   1.0000000e+00  ;
   3.6248000e+00   1.0000000e+00  ;
   3.8893000e+00   6.4043000e-01  ;
   3.4936000e+00   4.9246000e-01  ;
   3.0000000e+00   5.0672000e-01  ;
   2.5064000e+00   4.9249000e-01  ;
   2.1084000e+00   6.3897000e-01  ;
   3.8267000e+00   2.9196000e-01  ;
   2.1713000e+00   2.9156000e-01  ;
   4.3123000e+00   1.1333000e+00  ;
   4.3292000e+00   1.5459000e+00  ;
   4.3382000e+00   1.9460000e+00  ;
   4.3502000e+00   2.3401000e+00  ;
   4.3768000e+00   2.7370000e+00  ;
   4.3765000e+00   3.1474000e+00  ;
   4.3714000e+00   3.6131000e+00  ;
   4.4451000e+00   4.1259000e+00  ;
   4.3383000e+00   4.6455000e+00  ;
   5.6748000e+00   1.1609000e+00  ;
   5.6669000e+00   1.5544000e+00  ;
   5.6628000e+00   1.9489000e+00  ;
   5.6343000e+00   2.3526000e+00  ;
   5.6245000e+00   2.7655000e+00  ;
   5.6452000e+00   3.1777000e+00  ;
   5.6517000e+00   3.6107000e+00  ;
   5.6387000e+00   4.0746000e+00  ;
   5.6764000e+00   4.6092000e+00  ;
   1.6797000e+00   1.1312000e+00  ;
   1.6600000e+00   1.5378000e+00  ;
   1.6465000e+00   1.9317000e+00  ;
   1.6272000e+00   2.3257000e+00  ;
   1.6105000e+00   2.7276000e+00  ;
   1.6082000e+00   3.1485000e+00  ;
   1.5779000e+00   3.5972000e+00  ;
   1.5145000e+00   4.1301000e+00  ;
   1.6433000e+00   4.6614000e+00  ;
   4.1120000e-01   4.6038000e+00  ;
   3.6435000e-01   4.0847000e+00  ;
   3.6837000e-01   3.6747000e+00  ;
   3.8166000e-01   3.2700000e+00  ;
   3.8295000e-01   2.8509000e+00  ;
   3.9263000e-01   2.4067000e+00  ;
   3.7167000e-01   1.9646000e+00  ;
   3.3234000e-01   1.5579000e+00  ;
   3.1823000e-01   1.1983000e+00  ;
   1.8535000e+00   3.3557000e-01  ;
   1.4775000e+00   3.6790000e-01  ;
   1.0133000e+00   3.6595000e-01  ;
   5.8312000e-01   2.9643000e-01  ;
   5.6990000e+00   7.5472000e-01  ;
   5.7720000e+00   3.5806000e-01  ;
   4.7975000e+00   4.5180000e+00  ;
   4.9318000e+00   4.0108000e-01  ;
   4.5137000e+00   3.8051000e-01  ;
   4.1430000e+00   3.3876000e-01  ;
   1.0788000e+00   4.5823000e+00  ;
   3.1480000e-01   5.1431000e-01  ;
   3.2630000e-01   8.6148000e-01  ;
   4.2530000e+00   7.1967000e-01  ;
   1.7387000e+00   7.1497000e-01  ;
   5.3865000e+00   4.5470000e-01  ;
   4.6684000e+00   8.2916000e-01  ;
   4.6663000e+00   1.3194000e+00  ;
   4.6688000e+00   1.7314000e+00  ;
   4.6760000e+00   2.1225000e+00  ;
   4.7123000e+00   2.5211000e+00  ;
   4.8171000e+00   2.9305000e+00  ;
   4.7054000e+00   3.3750000e+00  ;
   4.7388000e+00   3.8045000e+00  ;
   4.8560000e+00   4.1598000e+00  ;
   5.3419000e+00   1.3429000e+00  ;
   5.3609000e+00   9.2992000e-01  ;
   5.3327000e+00   1.7433000e+00  ;
   5.3190000e+00   2.1431000e+00  ;
   5.1965000e+00   2.5670000e+00  ;
   5.2748000e+00   3.0031000e+00  ;
   5.3199000e+00   3.3920000e+00  ;
   5.3101000e+00   3.8226000e+00  ;
   5.2215000e+00   4.3046000e+00  ;
   1.3156000e+00   1.3148000e+00  ;
   1.2719000e+00   8.2041000e-01  ;
   1.3157000e+00   1.7176000e+00  ;
   1.2709000e+00   2.1079000e+00  ;
   1.2211000e+00   2.4828000e+00  ;
   1.2000000e+00   2.9069000e+00  ;
   1.1745000e+00   3.3330000e+00  ;
   1.1490000e+00   3.7641000e+00  ;
   1.0310000e+00   4.1246000e+00  ;
   6.8518000e-01   4.2462000e+00  ;
   7.2769000e-01   3.9004000e+00  ;
   7.6348000e-01   3.5046000e+00  ;
   7.7970000e-01   3.0857000e+00  ;
   8.0012000e-01   2.6527000e+00  ;
   8.2279000e-01   2.1743000e+00  ;
   6.8738000e-01   1.7493000e+00  ;
   6.4597000e-01   1.3680000e+00  ;
   5.9517000e-01   1.0529000e+00  ;
   7.2958000e-01   7.1568000e-01  ;
   5.0706000e+00   7.4714000e-01  ;
   5.0187000e+00   1.1179000e+00  ;
   5.0051000e+00   1.5319000e+00  ;
   4.9978000e+00   1.9228000e+00  ;
   4.9803000e+00   2.2553000e+00  ;
   5.0276000e+00   3.2595000e+00  ;
   5.0210000e+00   3.5969000e+00  ;
   5.0221000e+00   3.9481000e+00  ;
   9.8818000e-01   1.5230000e+00  ;
   9.4863000e-01   1.1323000e+00  ;
   1.0158000e+00   1.8561000e+00  ;
   2.4996000e-01   2.3583000e-01  ;
   ];
