nodes=[ 
4.38180008e+01 4.00000000e+00 0.00000000e+00 ; 
3.97989998e+01 4.00000000e+00 0.00000000e+00 ; 
4.30139999e+01 4.00000000e+00 0.00000000e+00 ; 
4.22099991e+01 4.00000000e+00 0.00000000e+00 ; 
4.14070015e+01 4.00000000e+00 0.00000000e+00 ; 
4.06030006e+01 4.00000000e+00 0.00000000e+00 ; 
4.00000000e+01 0.00000000e+00 0.00000000e+00 ; 
3.99920006e+01 8.01289976e-01 0.00000000e+00 ; 
3.99679985e+01 1.60220003e+00 0.00000000e+00 ; 
3.99280014e+01 2.40260005e+00 0.00000000e+00 ; 
3.98720016e+01 3.20190001e+00 0.00000000e+00 ; 
4.40000000e+01 0.00000000e+00 0.00000000e+00 ; 
4.07999992e+01 0.00000000e+00 0.00000000e+00 ; 
4.15999985e+01 0.00000000e+00 0.00000000e+00 ; 
4.24000015e+01 0.00000000e+00 0.00000000e+00 ; 
4.32000008e+01 0.00000000e+00 0.00000000e+00 ; 
4.39930000e+01 8.01060021e-01 0.00000000e+00 ; 
4.39710007e+01 1.60189998e+00 0.00000000e+00 ; 
4.39339981e+01 2.40210009e+00 0.00000000e+00 ; 
4.38829994e+01 3.20160007e+00 0.00000000e+00 ; 
4.30810013e+01 3.20169997e+00 0.00000000e+00 ; 
4.31329994e+01 2.40219998e+00 0.00000000e+00 ; 
4.31699982e+01 1.60189998e+00 0.00000000e+00 ; 
4.31930008e+01 8.01110029e-01 0.00000000e+00 ; 
4.22789993e+01 3.20169997e+00 0.00000000e+00 ; 
4.23320007e+01 2.40229988e+00 0.00000000e+00 ; 
4.23699989e+01 1.60200000e+00 0.00000000e+00 ; 
4.23919983e+01 8.01150024e-01 0.00000000e+00 ; 
4.14760017e+01 3.20180011e+00 0.00000000e+00 ; 
4.15299988e+01 2.40240002e+00 0.00000000e+00 ; 
4.15690002e+01 1.60210001e+00 0.00000000e+00 ; 
4.15919991e+01 8.01199973e-01 0.00000000e+00 ; 
4.06739998e+01 3.20190001e+00 0.00000000e+00 ; 
4.07290001e+01 2.40249991e+00 0.00000000e+00 ; 
4.07680016e+01 1.60220003e+00 0.00000000e+00 ; 
4.07919998e+01 8.01240027e-01 0.00000000e+00 ; 
0.00000000e+00 4.40000000e+01 0.00000000e+00 ; 
4.00000000e+00 4.38180008e+01 0.00000000e+00 ; 
8.01060021e-01 4.39930000e+01 0.00000000e+00 ; 
1.60189998e+00 4.39710007e+01 0.00000000e+00 ; 
2.40210009e+00 4.39339981e+01 0.00000000e+00 ; 
3.20160007e+00 4.38829994e+01 0.00000000e+00 ; 
4.00000000e+00 3.97989998e+01 0.00000000e+00 ; 
4.00000000e+00 4.30139999e+01 0.00000000e+00 ; 
4.00000000e+00 4.22099991e+01 0.00000000e+00 ; 
4.00000000e+00 4.14070015e+01 0.00000000e+00 ; 
4.00000000e+00 4.06030006e+01 0.00000000e+00 ; 
0.00000000e+00 4.00000000e+01 0.00000000e+00 ; 
3.20190001e+00 3.98720016e+01 0.00000000e+00 ; 
2.40260005e+00 3.99280014e+01 0.00000000e+00 ; 
1.60220003e+00 3.99679985e+01 0.00000000e+00 ; 
8.01289976e-01 3.99920006e+01 0.00000000e+00 ; 
0.00000000e+00 4.32000008e+01 0.00000000e+00 ; 
0.00000000e+00 4.24000015e+01 0.00000000e+00 ; 
0.00000000e+00 4.15999985e+01 0.00000000e+00 ; 
0.00000000e+00 4.07999992e+01 0.00000000e+00 ; 
8.01110029e-01 4.31930008e+01 0.00000000e+00 ; 
1.60189998e+00 4.31699982e+01 0.00000000e+00 ; 
2.40219998e+00 4.31329994e+01 0.00000000e+00 ; 
3.20169997e+00 4.30810013e+01 0.00000000e+00 ; 
8.01150024e-01 4.23919983e+01 0.00000000e+00 ; 
1.60200000e+00 4.23699989e+01 0.00000000e+00 ; 
2.40229988e+00 4.23320007e+01 0.00000000e+00 ; 
3.20169997e+00 4.22789993e+01 0.00000000e+00 ; 
8.01199973e-01 4.15919991e+01 0.00000000e+00 ; 
1.60210001e+00 4.15690002e+01 0.00000000e+00 ; 
2.40240002e+00 4.15299988e+01 0.00000000e+00 ; 
3.20180011e+00 4.14760017e+01 0.00000000e+00 ; 
8.01240027e-01 4.07919998e+01 0.00000000e+00 ; 
1.60220003e+00 4.07680016e+01 0.00000000e+00 ; 
2.40249991e+00 4.07290001e+01 0.00000000e+00 ; 
3.20190001e+00 4.06739998e+01 0.00000000e+00 ; 
3.25620003e+01 3.25620003e+01 0.00000000e+00 ; 
4.58759995e+01 4.00000000e+00 0.00000000e+00 ; 
3.36790009e+01 3.14060001e+01 0.00000000e+00 ; 
3.47550011e+01 3.02099991e+01 0.00000000e+00 ; 
3.57890015e+01 2.89790001e+01 0.00000000e+00 ; 
3.67789993e+01 2.77110004e+01 0.00000000e+00 ; 
3.77239990e+01 2.64099998e+01 0.00000000e+00 ; 
3.86230011e+01 2.50769997e+01 0.00000000e+00 ; 
3.94749985e+01 2.37129993e+01 0.00000000e+00 ; 
4.02789993e+01 2.23209991e+01 0.00000000e+00 ; 
4.10340004e+01 2.09009991e+01 0.00000000e+00 ; 
4.17379990e+01 1.94549999e+01 0.00000000e+00 ; 
4.23919983e+01 1.79860001e+01 0.00000000e+00 ; 
4.29939995e+01 1.64950008e+01 0.00000000e+00 ; 
4.35439987e+01 1.49840002e+01 0.00000000e+00 ; 
4.40410004e+01 1.34549999e+01 0.00000000e+00 ; 
4.44840012e+01 1.19090004e+01 0.00000000e+00 ; 
4.48720016e+01 1.03479996e+01 0.00000000e+00 ; 
4.52060013e+01 8.77540016e+00 0.00000000e+00 ; 
4.54850006e+01 7.19169998e+00 0.00000000e+00 ; 
4.57080002e+01 5.59929991e+00 0.00000000e+00 ; 
3.11130009e+01 3.11130009e+01 0.00000000e+00 ; 
3.20789986e+01 3.20789986e+01 0.00000000e+00 ; 
3.15960007e+01 3.15960007e+01 0.00000000e+00 ; 
3.21739998e+01 3.00139999e+01 0.00000000e+00 ; 
3.31959991e+01 2.88789997e+01 0.00000000e+00 ; 
3.41790009e+01 2.77089996e+01 0.00000000e+00 ; 
3.51199989e+01 2.65060005e+01 0.00000000e+00 ; 
3.60190010e+01 2.52709999e+01 0.00000000e+00 ; 
3.68740005e+01 2.40060005e+01 0.00000000e+00 ; 
3.76850014e+01 2.27110004e+01 0.00000000e+00 ; 
3.84510002e+01 2.13899994e+01 0.00000000e+00 ; 
3.91699982e+01 2.00419998e+01 0.00000000e+00 ; 
3.98419991e+01 1.86700001e+01 0.00000000e+00 ; 
4.04659996e+01 1.72759991e+01 0.00000000e+00 ; 
4.10419998e+01 1.58610001e+01 0.00000000e+00 ; 
4.15680008e+01 1.44270000e+01 0.00000000e+00 ; 
4.20429993e+01 1.29750004e+01 0.00000000e+00 ; 
4.24679985e+01 1.15080004e+01 0.00000000e+00 ; 
4.28419991e+01 1.00270004e+01 0.00000000e+00 ; 
4.31640015e+01 8.53390026e+00 0.00000000e+00 ; 
4.34350014e+01 7.03049994e+00 0.00000000e+00 ; 
4.36529999e+01 5.51859999e+00 0.00000000e+00 ; 
4.45040016e+01 4.00000000e+00 0.00000000e+00 ; 
4.51899986e+01 4.00000000e+00 0.00000000e+00 ; 
4.50229988e+01 5.57240009e+00 0.00000000e+00 ; 
4.43380013e+01 5.54549980e+00 0.00000000e+00 ; 
4.48019981e+01 7.13800001e+00 0.00000000e+00 ; 
4.41180000e+01 7.08419991e+00 0.00000000e+00 ; 
4.45260010e+01 8.69489956e+00 0.00000000e+00 ; 
4.38450012e+01 8.61439991e+00 0.00000000e+00 ; 
4.41959991e+01 1.02410002e+01 0.00000000e+00 ; 
4.35190010e+01 1.01339998e+01 0.00000000e+00 ; 
4.38120003e+01 1.17749996e+01 0.00000000e+00 ; 
4.31399994e+01 1.16420002e+01 0.00000000e+00 ; 
4.33750000e+01 1.32950001e+01 0.00000000e+00 ; 
4.27089996e+01 1.31350002e+01 0.00000000e+00 ; 
4.28849983e+01 1.47980003e+01 0.00000000e+00 ; 
4.22260017e+01 1.46129999e+01 0.00000000e+00 ; 
4.23429985e+01 1.62840004e+01 0.00000000e+00 ; 
4.16930008e+01 1.60720005e+01 0.00000000e+00 ; 
4.17500000e+01 1.77500000e+01 0.00000000e+00 ; 
4.11080017e+01 1.75130005e+01 0.00000000e+00 ; 
4.11059990e+01 1.91940002e+01 0.00000000e+00 ; 
4.04739990e+01 1.89319992e+01 0.00000000e+00 ; 
4.04129982e+01 2.06149998e+01 0.00000000e+00 ; 
3.97910004e+01 2.03279991e+01 0.00000000e+00 ; 
3.96699982e+01 2.20100002e+01 0.00000000e+00 ; 
3.90600014e+01 2.17000008e+01 0.00000000e+00 ; 
3.88779984e+01 2.33789997e+01 0.00000000e+00 ; 
3.82820015e+01 2.30450001e+01 0.00000000e+00 ; 
3.80400009e+01 2.47199993e+01 0.00000000e+00 ; 
3.74570007e+01 2.43630009e+01 0.00000000e+00 ; 
3.71559982e+01 2.60310001e+01 0.00000000e+00 ; 
3.65870018e+01 2.56509991e+01 0.00000000e+00 ; 
3.62260017e+01 2.73099995e+01 0.00000000e+00 ; 
3.56730003e+01 2.69080009e+01 0.00000000e+00 ; 
3.52519989e+01 2.85559998e+01 0.00000000e+00 ; 
3.47150002e+01 2.81320000e+01 0.00000000e+00 ; 
3.42360001e+01 2.97670002e+01 0.00000000e+00 ; 
3.37159996e+01 2.93230000e+01 0.00000000e+00 ; 
3.31780014e+01 3.09419994e+01 0.00000000e+00 ; 
3.26759987e+01 3.04780006e+01 0.00000000e+00 ; 
4.60499992e+01 0.00000000e+00 0.00000000e+00 ; 
4.46829987e+01 0.00000000e+00 0.00000000e+00 ; 
4.53670006e+01 0.00000000e+00 0.00000000e+00 ; 
4.60429993e+01 8.00970018e-01 0.00000000e+00 ; 
4.60219994e+01 1.60169995e+00 0.00000000e+00 ; 
4.59869995e+01 2.40190005e+00 0.00000000e+00 ; 
4.59389992e+01 3.20149994e+00 0.00000000e+00 ; 
4.46759987e+01 8.01029980e-01 0.00000000e+00 ; 
4.46549988e+01 1.60179996e+00 0.00000000e+00 ; 
4.46189995e+01 2.40210009e+00 0.00000000e+00 ; 
4.45680008e+01 3.20149994e+00 0.00000000e+00 ; 
