nodes = [ 
0.000000e+00 , 0.000000e+00 ; 
4.000000e+00 , 0.000000e+00 ; 
4.500000e+00 , 1.000000e+00 ; 
4.000000e+00 , 1.500000e+00 ; 
4.000000e+00 , 2.000000e+00 ; 
0.000000e+00 , 2.000000e+00 ; 
3.500000e+00 , 1.000000e+00 ; 
4.000000e+00 , 5.000000e-01 ; 
5.000000e+00 , 1.000000e+00 ; 
3.853200e-01 , 0.000000e+00 ; 
7.706400e-01 , 0.000000e+00 ; 
1.169600e+00 , 0.000000e+00 ; 
1.645600e+00 , 0.000000e+00 ; 
2.045600e+00 , 0.000000e+00 ; 
2.445600e+00 , 0.000000e+00 ; 
2.844000e+00 , 0.000000e+00 ; 
3.229400e+00 , 0.000000e+00 ; 
3.614700e+00 , 0.000000e+00 ; 
4.474700e+00 , 1.157000e+00 ; 
4.403400e+00 , 1.295500e+00 ; 
4.292800e+00 , 1.405300e+00 ; 
4.153900e+00 , 1.475700e+00 ; 
3.614700e+00 , 2.000000e+00 ; 
3.229400e+00 , 2.000000e+00 ; 
2.844000e+00 , 2.000000e+00 ; 
2.445600e+00 , 2.000000e+00 ; 
1.969600e+00 , 2.000000e+00 ; 
1.569600e+00 , 2.000000e+00 ; 
1.169600e+00 , 2.000000e+00 ; 
7.706400e-01 , 2.000000e+00 ; 
3.853200e-01 , 2.000000e+00 ; 
0.000000e+00 , 1.614700e+00 ; 
0.000000e+00 , 1.229400e+00 ; 
0.000000e+00 , 7.706400e-01 ; 
0.000000e+00 , 3.853200e-01 ; 
3.843000e+00 , 1.474700e+00 ; 
3.704500e+00 , 1.403400e+00 ; 
3.594700e+00 , 1.292800e+00 ; 
3.524300e+00 , 1.153900e+00 ; 
3.525300e+00 , 8.430400e-01 ; 
3.596600e+00 , 7.045400e-01 ; 
3.707200e+00 , 5.947300e-01 ; 
3.846100e+00 , 5.242700e-01 ; 
4.157000e+00 , 5.252800e-01 ; 
4.295500e+00 , 5.966300e-01 ; 
4.405300e+00 , 7.071500e-01 ; 
4.475700e+00 , 8.461100e-01 ; 
4.313900e+00 , 5.055100e-02 ; 
4.590900e+00 , 1.932600e-01 ; 
4.810500e+00 , 4.143000e-01 ; 
4.951500e+00 , 6.922100e-01 ; 
4.313900e+00 , 1.949400e+00 ; 
4.590900e+00 , 1.806700e+00 ; 
4.810500e+00 , 1.585700e+00 ; 
4.951500e+00 , 1.307800e+00 ; 
4.707600e+00 , 8.884000e-01 ; 
4.644200e+00 , 6.725400e-01 ; 
4.513000e+00 , 4.896600e-01 ; 
4.331500e+00 , 3.540900e-01 ; 
4.113300e+00 , 2.848100e-01 ; 
3.877100e+00 , 2.789600e-01 ; 
3.660800e+00 , 3.649900e-01 ; 
3.515300e+00 , 5.200700e-01 ; 
3.413600e+00 , 7.092500e-01 ; 
3.366700e+00 , 9.058200e-01 ; 
3.370100e+00 , 1.102300e+00 ; 
3.424900e+00 , 1.294400e+00 ; 
3.520300e+00 , 1.476400e+00 ; 
3.663900e+00 , 1.636900e+00 ; 
3.872100e+00 , 1.719200e+00 ; 
4.111000e+00 , 1.703500e+00 ; 
4.323300e+00 , 1.637500e+00 ; 
4.511500e+00 , 1.510400e+00 ; 
4.644200e+00 , 1.328400e+00 ; 
4.713600e+00 , 1.114200e+00 ; 
3.200100e+00 , 7.748500e-01 ; 
3.268000e+00 , 5.260700e-01 ; 
3.186200e+00 , 1.021400e+00 ; 
3.307400e+00 , 1.483400e+00 ; 
3.223700e+00 , 1.256600e+00 ; 
3.397000e+00 , 2.803900e-01 ; 
3.420700e+00 , 1.739800e+00 ; 
3.064900e+00 , 1.452800e+00 ; 
2.965800e+00 , 9.033200e-01 ; 
2.986700e+00 , 5.996500e-01 ; 
3.185500e+00 , 1.677700e+00 ; 
2.986700e+00 , 1.188800e+00 ; 
3.079500e+00 , 2.859200e-01 ; 
2.897800e+00 , 1.701800e+00 ; 
2.788100e+00 , 1.408300e+00 ; 
2.711700e+00 , 7.491900e-01 ; 
2.683600e+00 , 3.684000e-01 ; 
2.719100e+00 , 1.089900e+00 ; 
3.201300e-01 , 5.962700e-01 ; 
3.385900e-01 , 1.022200e+00 ; 
3.018200e-01 , 1.436300e+00 ; 
5.525400e-01 , 1.701300e+00 ; 
9.305400e-01 , 1.643400e+00 ; 
1.340300e+00 , 1.619800e+00 ; 
1.765900e+00 , 1.604500e+00 ; 
2.207600e+00 , 1.632800e+00 ; 
2.260300e+00 , 3.428900e-01 ; 
1.860200e+00 , 3.642700e-01 ; 
1.424100e+00 , 3.776400e-01 ; 
9.858700e-01 , 3.819400e-01 ; 
5.779200e-01 , 3.345100e-01 ; 
2.605100e+00 , 1.682100e+00 ; 
2.456400e+00 , 1.320700e+00 ; 
2.403200e+00 , 9.433700e-01 ; 
7.477700e-01 , 8.034200e-01 ; 
6.625500e-01 , 1.305500e+00 ; 
1.087700e+00 , 1.233600e+00 ; 
1.519000e+00 , 1.194300e+00 ; 
2.015200e+00 , 1.167900e+00 ; 
2.105700e+00 , 7.010000e-01 ; 
1.679800e+00 , 7.640700e-01 ; 
1.232900e+00 , 7.842800e-01 ; 
2.426700e+00 , 6.259200e-01 ; 
2.565300e-01 , 2.615600e-01 ; 
2.479400e-01 , 1.750500e+00 ; 
]; 

elem = [ 
112 , 111 , 110 ; 
117 , 112 , 110 ; 
92 , 118 , 102 ; 
92 , 91 , 118 ; 
120 , 97 , 31 ; 
120 , 96 , 97 ; 
119 , 106 , 94 ; 
119 , 10 , 106 ; 
25 , 107 , 89 ; 
25 , 26 , 107 ; 
96 , 120 , 32 ; 
120 , 6 , 32 ; 
31 , 6 , 120 ; 
35 , 119 , 94 ; 
119 , 1 , 10 ; 
35 , 1 , 119 ; 
118 , 91 , 109 ; 
117 , 116 , 113 ; 
116 , 115 , 114 ; 
115 , 118 , 109 ; 
114 , 113 , 116 ; 
113 , 112 , 117 ; 
109 , 114 , 115 ; 
105 , 117 , 110 ; 
104 , 116 , 117 ; 
103 , 115 , 116 ; 
115 , 102 , 118 ; 
101 , 114 , 108 ; 
100 , 113 , 114 ; 
99 , 112 , 113 ; 
112 , 98 , 111 ; 
95 , 110 , 111 ; 
93 , 109 , 91 ; 
109 , 108 , 114 ; 
94 , 106 , 110 ; 
106 , 105 , 110 ; 
105 , 104 , 117 ; 
104 , 103 , 116 ; 
103 , 102 , 115 ; 
107 , 101 , 108 ; 
101 , 100 , 114 ; 
100 , 99 , 113 ; 
99 , 98 , 112 ; 
98 , 97 , 111 ; 
97 , 96 , 111 ; 
96 , 95 , 111 ; 
95 , 94 , 110 ; 
93 , 108 , 109 ; 
90 , 107 , 108 ; 
11 , 105 , 106 ; 
12 , 104 , 105 ; 
13 , 103 , 104 ; 
14 , 102 , 103 ; 
102 , 15 , 92 ; 
26 , 101 , 107 ; 
27 , 100 , 101 ; 
28 , 99 , 100 ; 
29 , 98 , 99 ; 
30 , 97 , 98 ; 
33 , 95 , 96 ; 
34 , 94 , 95 ; 
93 , 90 , 108 ; 
90 , 89 , 107 ; 
88 , 92 , 16 ; 
85 , 91 , 92 ; 
91 , 84 , 93 ; 
89 , 86 , 24 ; 
84 , 87 , 93 ; 
82 , 69 , 23 ; 
18 , 62 , 81 ; 
10 , 11 , 106 ; 
11 , 12 , 105 ; 
12 , 13 , 104 ; 
13 , 14 , 103 ; 
14 , 15 , 102 ; 
15 , 16 , 92 ; 
17 , 18 , 81 ; 
18 , 2 , 61 ; 
5 , 23 , 70 ; 
23 , 24 , 82 ; 
24 , 25 , 89 ; 
26 , 27 , 101 ; 
27 , 28 , 100 ; 
28 , 29 , 99 ; 
29 , 30 , 98 ; 
30 , 31 , 97 ; 
32 , 33 , 96 ; 
33 , 34 , 95 ; 
34 , 35 , 94 ; 
2 , 48 , 60 ; 
51 , 9 , 56 ; 
52 , 5 , 71 ; 
53 , 52 , 72 ; 
9 , 55 , 75 ; 
17 , 88 , 16 ; 
81 , 88 , 17 ; 
87 , 90 , 93 ; 
90 , 83 , 89 ; 
86 , 82 , 24 ; 
77 , 88 , 81 ; 
88 , 85 , 92 ; 
85 , 84 , 91 ; 
80 , 87 , 78 ; 
87 , 83 , 90 ; 
83 , 86 , 89 ; 
86 , 79 , 82 ; 
77 , 85 , 88 ; 
76 , 84 , 85 ; 
84 , 78 , 87 ; 
80 , 83 , 87 ; 
83 , 79 , 86 ; 
77 , 76 , 85 ; 
76 , 78 , 84 ; 
54 , 74 , 55 ; 
53 , 73 , 54 ; 
49 , 59 , 48 ; 
50 , 58 , 49 ; 
51 , 57 , 50 ; 
80 , 79 , 83 ; 
67 , 79 , 80 ; 
79 , 68 , 82 ; 
78 , 66 , 80 ; 
63 , 77 , 81 ; 
64 , 76 , 77 ; 
76 , 65 , 78 ; 
74 , 75 , 55 ; 
73 , 74 , 54 ; 
72 , 73 , 53 ; 
71 , 72 , 52 ; 
70 , 71 , 5 ; 
69 , 70 , 23 ; 
68 , 69 , 82 ; 
62 , 63 , 81 ; 
61 , 62 , 18 ; 
60 , 61 , 2 ; 
59 , 60 , 48 ; 
58 , 59 , 49 ; 
57 , 58 , 50 ; 
75 , 56 , 9 ; 
56 , 57 , 51 ; 
66 , 67 , 80 ; 
67 , 68 , 79 ; 
65 , 66 , 78 ; 
63 , 64 , 77 ; 
64 , 65 , 76 ; 
74 , 19 , 75 ; 
73 , 20 , 74 ; 
72 , 21 , 73 ; 
71 , 22 , 72 ; 
70 , 4 , 71 ; 
69 , 36 , 70 ; 
68 , 37 , 69 ; 
62 , 42 , 63 ; 
61 , 43 , 62 ; 
60 , 8 , 61 ; 
59 , 44 , 60 ; 
58 , 45 , 59 ; 
57 , 46 , 58 ; 
3 , 56 , 75 ; 
56 , 47 , 57 ; 
39 , 67 , 66 ; 
67 , 38 , 68 ; 
65 , 7 , 66 ; 
41 , 64 , 63 ; 
64 , 40 , 65 ; 
19 , 3 , 75 ; 
20 , 19 , 74 ; 
21 , 20 , 73 ; 
22 , 21 , 72 ; 
4 , 22 , 71 ; 
36 , 4 , 70 ; 
37 , 36 , 69 ; 
38 , 37 , 68 ; 
39 , 38 , 67 ; 
7 , 39 , 66 ; 
40 , 7 , 65 ; 
41 , 40 , 64 ; 
42 , 41 , 63 ; 
43 , 42 , 62 ; 
8 , 43 , 61 ; 
44 , 8 , 60 ; 
45 , 44 , 59 ; 
46 , 45 , 58 ; 
47 , 46 , 57 ; 
3 , 47 , 56 ; 
]; 
